m=75 t=50
[-8 4 -22 12 -15 3 10 -15 5 -17 1 10 -8 -11 -29 6 -26 1 -14 0 25 11 10 4 -7 -5 5 -11 13 8 -1 2 -4 -22 6 -22 1 -4 -2 14 26 1 -4 -31 -13 9 12 10 -10 -1 ]
[27 -9 -4 9 -13 8 15 -9 13 -17 12 3 -18 25 10 -2 -7 16 -16 34 -15 4 1 0 -4 -2 0 1 4 -1 8 3 16 4 28 3 -15 13 6 -8 2 20 4 -9 -22 -24 9 12 -6 -13 ]
[-4 -17 7 -13 8 -26 -8 -13 -3 18 2 -5 2 -4 27 -29 19 14 15 0 -7 10 -5 -4 14 6 0 -37 -6 16 -12 -9 7 24 17 15 20 -2 40 -7 -31 -1 33 -25 4 9 2 10 -22 -27 ]
[-3 21 9 6 5 -12 -20 -13 4 0 -3 -15 -6 6 -12 15 4 -6 -7 0 -51 -8 -30 16 -24 -1 -4 6 -13 -24 3 -16 18 -41 -6 -17 28 -22 6 -5 0 -16 -2 -15 -10 9 8 -3 -24 -16 ]
[26 9 27 18 -31 10 -11 5 -19 -8 19 8 -11 5 -2 18 -22 7 -44 12 5 13 3 -4 1 2 -16 10 -17 -32 22 7 38 -22 -1 -3 14 -18 14 18 -13 9 -23 -15 31 13 8 12 5 1 ]
[-7 2 11 -2 -26 2 13 -16 16 2 -14 3 -30 28 6 1 -11 -7 -17 -28 -13 2 21 -17 0 1 7 -2 14 18 14 -23 -3 12 -17 10 -1 -13 7 15 10 12 10 -33 5 -11 -20 40 -23 23 ]
[-1 -10 -3 -13 -27 -1 -18 -3 19 17 -22 -12 3 15 -2 26 39 14 -15 0 25 -15 -3 -1 -8 17 26 -5 -1 -12 3 2 11 -1 16 2 -3 1 6 6 -3 -17 1 -20 7 21 1 -8 -9 -5 ]
[2 5 14 -1 -13 1 -5 -20 -14 21 2 -19 -26 -2 18 -9 5 8 -8 -4 -5 26 -8 -29 1 -25 -18 -2 17 10 27 11 -7 2 7 0 -5 14 -4 5 28 14 18 -9 9 14 -1 10 -24 -8 ]
[7 11 -3 8 -7 16 -13 -10 -5 -7 -32 19 -8 -36 -23 -23 15 18 -2 -19 -20 -5 19 20 6 -7 -30 -31 4 1 22 7 -7 -10 10 18 -2 11 12 2 5 4 -4 8 -6 1 15 -15 -2 -31 ]
[13 -9 -1 -18 -11 -28 -21 -1 14 14 44 0 12 5 15 -40 5 12 1 -13 5 8 -1 6 6 -10 23 -34 -33 5 -19 -6 2 14 8 -7 9 -22 14 -10 0 -41 -8 29 14 -2 -1 -29 1 11 ]
[8 20 -37 -5 26 -10 40 -22 -11 4 -7 14 4 11 6 20 -16 9 4 19 3 -8 -12 12 -1 11 24 20 4 0 -2 -25 8 -1 -8 -15 -5 -23 11 27 23 8 19 -21 1 -10 -19 -5 -17 6 ]
[4 -11 28 14 9 12 11 -7 4 -5 -22 1 -29 3 5 2 -13 -18 15 35 -6 5 -1 -8 3 2 1 -15 -10 22 9 -12 29 13 -19 5 8 19 -25 29 -22 -16 14 6 3 -2 4 16 -8 -6 ]
[-20 -11 22 4 -11 8 -17 -7 1 -9 13 -5 11 18 -4 -7 -17 19 5 -22 -3 -16 7 -8 -33 7 -20 41 10 -8 14 4 -28 23 -24 -15 11 -23 3 17 -17 -4 -8 33 -15 -19 15 10 16 -1 ]
[-10 0 -11 -5 -13 -12 7 12 3 10 -12 13 -3 9 11 9 5 8 0 1 -17 10 4 22 5 17 -8 10 5 8 11 0 -15 2 -11 -8 -22 46 -5 -2 -29 5 5 -12 -14 15 27 -5 -5 13 ]
[-7 3 -2 11 6 -7 9 7 4 22 -11 -10 -10 17 -9 -13 0 -29 16 -3 -1 -12 -9 -8 21 -10 -5 7 -1 -11 9 -27 0 16 -9 17 -7 2 15 -11 12 4 2 -11 -9 5 -11 -2 -22 -11 ]
[-7 -9 -4 -2 -8 -15 17 -11 1 2 18 5 0 -1 3 21 -13 9 -15 -10 7 6 3 -3 10 26 14 -36 -14 -24 -1 10 21 2 -34 5 9 3 -12 -4 13 20 6 17 7 -19 10 3 12 5 ]
[11 9 -3 17 -10 16 -5 -13 30 4 -11 -13 -2 21 7 -5 -18 4 -4 3 14 -26 -18 7 1 30 -20 -21 18 4 -19 6 7 23 -25 23 12 -15 17 -15 -9 3 5 -2 -13 1 2 21 18 9 ]
[5 -28 -2 -8 9 13 -7 -23 -1 -13 -29 -2 -11 -20 -4 3 -9 -8 28 7 13 4 -32 -3 11 -17 -33 3 19 -3 -1 11 -1 -6 25 39 -7 -3 29 -19 10 7 30 11 -17 3 -5 -30 -24 -14 ]
[2 6 -39 -15 20 28 9 8 2 0 -2 7 14 12 17 -21 10 6 8 -10 -15 5 -17 4 3 -2 -35 -3 12 3 16 13 -19 -2 -16 -20 4 -8 11 17 -10 2 -30 -21 14 2 -17 0 20 3 ]
[-4 -20 -3 15 29 -22 8 -3 -21 8 1 -29 14 -13 -6 8 1 15 2 -5 -22 2 -11 19 1 -8 -5 0 -14 -4 -7 13 15 2 42 12 -1 -3 -20 4 -5 -3 -5 9 26 -5 -23 -2 -16 -8 ]
[12 13 -10 -28 -23 5 -9 -26 6 -1 -25 -9 -15 2 0 -13 -33 -26 -16 -4 -16 -15 4 1 -9 -11 -2 15 0 8 -10 -29 -8 -14 15 34 13 19 5 -16 -11 -1 26 -9 14 6 9 16 -20 9 ]
[13 -24 -17 -2 0 -7 -32 11 13 -21 -1 -18 -2 1 -5 -12 -25 0 -3 5 -2 0 5 -9 13 -1 8 1 -5 8 -7 2 9 30 -10 9 -5 -3 -10 -39 -40 1 11 9 0 14 -3 -13 -8 -2 ]
[-5 34 -9 -21 -26 -11 22 20 21 -1 -6 -1 -3 8 -10 -5 5 -3 16 3 8 -18 -11 7 24 3 32 3 13 28 2 29 -8 -17 -7 -25 29 -19 5 6 -7 -13 -1 6 18 -2 1 4 2 -14 ]
[-7 8 12 -13 -14 -8 16 12 -1 3 -3 -22 0 24 0 -6 -2 -16 -6 -2 -13 0 -20 -5 -29 -9 -14 -22 -3 -13 19 10 -4 4 13 -20 -11 5 14 -11 5 -23 -8 -8 11 16 14 -16 -3 -19 ]
[-21 1 5 -13 0 14 -22 -11 11 -2 3 33 17 -24 -32 0 26 -14 -2 -4 3 1 -13 8 2 -18 6 18 5 10 -2 4 15 16 0 1 -6 22 -43 21 3 -12 -15 -13 -1 -14 7 15 -18 -29 ]
[35 -14 9 18 13 -20 -7 -34 -17 4 5 12 16 9 -8 5 6 13 1 6 7 1 6 8 -15 -15 -31 20 22 17 -33 9 -3 -5 12 -14 9 -5 -13 9 -5 -1 -39 -25 3 22 -14 -7 3 4 ]
[2 10 -4 25 15 -36 -9 12 26 20 2 5 6 35 21 12 -6 18 -29 4 24 -12 -10 -5 11 2 -8 -2 -2 4 21 -4 -7 -8 24 15 19 19 8 17 4 -6 11 -34 -13 9 -7 32 20 32 ]
[-7 -1 14 0 19 7 9 14 -5 -4 -4 24 14 0 -6 1 16 6 3 20 9 -7 -3 5 -7 3 29 -11 8 4 8 -7 7 -2 -3 -19 21 7 20 -8 -2 9 7 1 -14 -3 10 -9 -2 6 ]
[9 -12 22 -16 11 5 1 4 14 -5 -23 17 -21 -19 -1 29 -9 6 18 -9 -11 17 10 6 -8 12 28 11 44 -6 4 12 11 5 16 8 -1 -3 3 2 31 12 2 15 -3 18 -6 -25 0 -5 ]
[-19 -20 16 16 -5 -9 6 -1 5 -11 -9 -26 23 -7 6 -22 -3 4 8 -7 11 3 -29 31 9 13 -32 -7 -6 -3 16 1 -21 -22 -11 8 7 -13 -1 -20 3 15 0 -22 14 14 -10 11 -12 13 ]
[16 -30 -9 20 14 21 -36 2 -10 16 12 -3 -18 -7 5 26 -8 6 -17 17 6 -2 27 8 21 9 4 10 8 36 25 8 18 10 -21 13 0 2 -12 24 1 -1 9 -28 -11 13 -8 -12 -1 -8 ]
[3 23 18 -24 -8 16 -7 9 19 14 -18 21 -20 -29 10 -4 35 -3 31 6 10 27 4 -7 12 13 0 -4 4 -11 8 9 -1 4 -13 11 -9 -17 -2 0 11 3 3 -17 -1 14 12 18 2 -15 ]
[-4 -7 4 26 -22 -15 -25 -6 14 -11 6 7 6 -23 -5 18 -27 -1 16 8 0 -7 2 3 -26 0 -1 2 -23 10 -28 8 0 -2 10 -8 2 2 -14 -1 33 -15 -11 32 0 -9 -7 5 5 -26 ]
[-29 5 -9 -10 -20 -10 13 25 -12 -10 -14 10 16 -6 25 3 -13 1 23 30 1 18 -19 -33 -17 15 -4 10 11 -1 -32 -6 -2 -11 -3 -17 -15 7 -2 -2 25 2 -10 6 13 -20 1 12 9 18 ]
[1 -17 -37 -1 -15 -18 -6 -3 6 -21 -32 -14 7 -3 16 16 -15 16 -25 -18 24 4 -4 12 16 -31 11 -33 16 -8 -28 -7 -4 5 11 12 6 -10 -5 11 -10 12 -27 -34 10 -5 -7 -5 1 4 ]
[2 6 -6 5 -12 4 -6 -9 -17 32 14 19 0 11 -8 -20 9 -1 16 21 -18 -12 -18 -29 9 3 6 -11 -4 -23 5 -17 -2 -16 6 1 -4 21 5 -2 -1 -12 -23 9 8 -16 20 -11 -5 30 ]
[26 -37 10 -21 18 21 6 -25 -15 21 -14 14 -24 -14 19 7 -8 -11 19 8 0 12 -5 -29 5 -16 6 -5 -3 -25 -9 16 -16 17 31 2 -11 -15 15 -14 2 14 13 5 3 -3 -20 5 -8 -10 ]
[-5 -11 -9 -7 -10 -17 0 -12 15 12 5 11 -9 5 -5 -2 2 1 12 -17 5 14 -2 -25 12 27 6 -38 -1 -18 -11 7 -1 -5 26 -3 8 3 13 13 -14 1 -11 -24 3 -8 -11 -27 0 -15 ]
[7 16 15 -10 -13 19 7 18 -11 -16 10 1 44 2 2 8 5 6 1 -36 2 15 -10 -13 -2 0 -4 3 -17 -34 2 9 -47 15 13 4 9 2 -2 -26 -21 15 -15 0 6 18 10 -26 -15 -21 ]
[4 9 -1 34 21 -10 13 -2 35 15 -25 5 6 6 1 25 20 15 5 5 -4 12 -21 9 11 -24 10 -23 -7 -23 13 0 10 18 -2 3 -25 16 -1 -17 8 16 11 21 -28 0 -3 0 -16 -18 ]
[-4 7 27 -33 16 6 -3 -6 -26 22 4 -33 14 -7 3 -18 -7 -5 7 18 -18 -5 -1 22 1 -10 -19 7 -16 -15 -12 7 9 -8 29 -17 8 20 3 -21 3 -7 -12 -7 8 1 7 -21 14 -9 ]
[3 0 -38 -20 -3 1 1 -21 -10 1 2 21 2 -38 -11 -13 15 -35 -3 11 1 25 -18 28 2 24 -16 14 -1 11 6 3 5 -12 -6 -10 -3 9 -17 -26 8 -9 25 -12 8 27 16 -22 -11 -4 ]
[18 22 -1 5 -8 13 -1 40 -6 -8 -34 -24 -10 14 -4 -6 8 -1 -26 8 -5 0 -18 8 5 17 -4 -7 -15 -20 6 -2 -11 -13 6 -21 -9 0 13 12 19 -37 9 1 21 10 -5 -2 1 -25 ]
[4 10 -9 -5 16 -11 14 11 -32 24 42 6 -23 -6 -7 -15 -9 19 4 -21 11 -15 10 -26 -17 -5 13 22 -9 15 9 47 18 0 6 -1 11 -5 27 15 -9 -23 -13 -9 21 8 2 -5 -7 9 ]
[2 17 18 6 3 3 -5 -15 4 2 32 -3 4 9 -18 -20 -16 -12 9 -16 2 -4 4 7 16 3 0 -20 24 -26 7 10 -4 12 -11 14 3 27 13 -7 -10 -4 -7 -10 8 -3 -30 -7 12 9 ]
[4 -1 -23 -18 -14 14 13 -5 6 10 -8 -9 -22 4 -30 -6 6 22 25 -8 10 19 5 -15 -3 7 -11 -15 -25 -20 28 -5 7 3 10 -31 8 -23 11 7 -16 26 18 -21 -1 -1 -22 13 19 -9 ]
[-5 3 -15 -11 5 11 -24 8 17 2 9 -6 -4 -9 5 -5 -14 -2 -15 13 -3 12 -27 -1 4 -13 5 -25 -2 10 -16 3 4 -3 5 -9 -6 -7 5 -1 -12 -8 -23 -17 -7 28 2 -28 -7 -5 ]
[8 26 -19 2 11 28 17 4 -4 1 1 -32 5 -15 -8 -7 -10 -14 28 -8 -11 0 -32 -23 -3 -4 11 7 -21 -22 -9 10 9 16 17 -23 -42 -19 -6 6 -10 3 2 3 0 -22 -12 17 -18 5 ]
[16 28 1 11 11 -10 11 6 -7 12 4 2 10 9 14 19 -29 25 -8 -6 4 -18 -3 -5 3 -18 8 16 -17 5 -22 -14 25 29 -3 19 6 22 -9 -21 28 -16 1 -7 4 16 -1 0 9 6 ]
[-4 -7 -6 7 14 23 8 -3 -14 -11 -46 8 -17 9 17 -5 22 33 -3 -26 4 1 3 -8 17 0 17 -3 -15 11 -10 -14 26 5 -9 12 38 5 -14 -16 -16 -12 7 -17 0 0 5 6 -8 25 ]
[4 15 4 -6 -20 -17 27 -24 -10 -13 21 20 15 42 -4 -3 9 -12 4 -16 -28 9 -2 -6 3 -8 3 12 1 5 -6 -5 -4 -20 -4 -33 6 12 -6 11 -8 -7 22 22 -2 -5 11 7 17 -9 ]
[10 -4 10 3 20 -5 18 -13 14 6 32 25 14 1 -37 -5 0 36 5 25 11 5 4 17 -1 6 -10 17 -1 15 6 28 -5 4 -5 18 -16 9 -7 2 -12 12 0 -33 2 43 -11 -24 1 16 ]
[6 -17 3 -2 10 2 11 11 4 10 11 -1 5 -5 5 26 -8 -7 1 8 2 17 -8 -7 8 20 -13 -21 20 -23 2 -23 -20 -6 22 38 -12 10 -32 -11 -2 5 -5 -22 36 -35 17 -8 13 13 ]
[5 20 -10 -21 -9 30 10 -7 8 -5 0 29 12 -1 16 -6 -15 -1 10 -19 -35 -1 -13 -14 2 3 0 23 -17 -14 4 -3 14 -19 0 -2 -16 -17 12 -6 14 -4 -2 -14 -2 -29 -5 17 -9 18 ]
[-5 27 -1 7 -20 15 4 33 -10 28 -21 -19 -24 9 0 -8 30 -15 26 1 18 -4 25 -3 27 8 -13 14 7 2 23 0 -12 -6 7 -9 34 -10 -6 -35 -8 -4 -6 3 -5 7 5 -7 -2 6 ]
[4 -11 3 7 -2 -6 -5 9 -17 -9 24 -18 -15 10 22 -7 1 22 -5 7 -17 -4 -5 2 15 -3 -24 16 13 -3 -10 12 -4 -7 12 -16 1 5 6 16 8 9 17 -14 -1 -9 8 -5 -19 -20 ]
[5 -5 -14 31 -6 3 20 1 -13 7 1 8 -13 -21 2 -11 11 16 11 10 25 21 9 -23 15 -21 -25 -2 4 -28 14 4 -1 -12 -8 29 -26 5 -9 26 6 2 17 7 6 18 26 -24 4 -8 ]
[7 -2 23 4 -15 9 2 -3 21 -12 -15 -3 11 -24 0 18 -23 -8 -19 0 -18 2 29 6 1 10 -2 -16 -19 -10 34 16 -13 11 35 9 8 6 -4 -2 20 4 16 -19 -36 2 -4 3 -4 6 ]
[-5 8 14 -3 -7 -44 3 3 -12 8 -19 26 -38 16 -16 -10 -19 -15 18 -14 0 -6 10 21 4 -3 3 24 4 12 -29 -1 12 -5 -9 -24 -17 -16 -9 -9 15 -24 -7 -14 -20 -16 -4 -28 23 -20 ]
[18 10 2 6 -11 16 5 -33 -1 -17 -10 14 -19 -13 9 -13 6 -14 -34 -14 15 -27 20 12 13 11 5 -8 -8 3 8 33 -22 16 -7 9 5 -23 -15 13 25 -8 -13 -13 0 -6 -9 3 -2 5 ]
[5 -5 -18 2 13 -13 5 -19 14 -2 34 -6 -22 -5 -29 -6 3 7 9 -20 -38 17 -15 -7 -21 5 -10 -12 -10 1 8 -4 -4 -5 4 -8 -9 7 12 5 5 -19 -13 11 -4 -10 19 -5 -2 16 ]
[-29 -7 -19 -3 16 31 5 -9 -32 -14 22 -13 -3 -8 5 18 -7 2 13 21 18 9 -1 -4 -25 -23 12 -6 -3 -24 -3 -20 8 3 17 5 2 23 20 -1 -22 -10 -3 -19 -13 -9 14 -4 23 33 ]
[10 -19 -32 8 14 6 17 -6 -9 17 -5 -13 -12 -12 6 11 -3 -18 -23 -20 -2 3 16 11 -13 -3 -26 0 -24 -8 20 8 -15 -3 7 -23 2 -13 -8 -15 11 1 -25 28 -3 -7 -18 7 12 9 ]
[-8 -11 -9 29 -13 12 11 -10 13 -20 2 0 -7 4 -23 6 19 20 -3 -3 -9 5 -1 20 13 3 5 -7 11 -7 -18 6 17 9 -2 -11 -10 -9 -10 -35 -20 0 -3 10 -10 2 -5 -19 22 2 ]
[7 19 -6 6 3 -2 9 -2 15 19 11 0 -28 3 -5 5 -2 21 0 3 -12 -10 -30 -14 17 -15 32 -27 7 19 -13 2 -3 -15 16 -5 -10 31 -11 -3 -3 3 9 7 -1 -10 -12 31 11 7 ]
[16 27 -27 -9 -3 4 6 -14 -5 12 7 17 -3 16 -1 10 -20 -17 8 -26 4 -17 14 -3 13 -21 -31 -2 44 18 -1 6 -17 -9 -4 -15 -30 -7 4 -33 -35 -5 -6 14 -26 12 -15 17 -4 12 ]
[20 -16 1 10 16 0 15 -32 -12 -4 4 19 -17 12 2 -3 13 5 -32 20 -14 15 9 -2 7 -26 8 20 -9 12 10 14 -37 13 16 14 8 20 -23 -13 12 2 4 2 -7 4 10 -9 13 12 ]
[10 -14 3 2 -4 8 -15 -9 -9 -5 -11 -11 -14 10 -6 -19 18 -10 16 9 24 -13 -8 16 6 -3 39 13 24 -16 -1 -1 -4 -3 -3 -18 3 -11 13 0 12 -7 -14 5 6 2 -1 -13 -14 -13 ]
[-9 4 13 -19 28 16 -2 -9 9 -6 -3 5 -7 -4 -6 -19 3 -1 -5 3 7 24 5 -36 -11 -32 9 -26 0 -15 21 -6 6 -21 16 6 -4 9 -4 -4 -12 -17 -22 2 5 0 -2 29 15 -16 ]
[-11 12 20 -25 -19 1 -7 12 0 -31 35 -3 -8 -15 -13 8 4 -14 -2 -3 -11 -3 -3 22 -11 0 -11 3 -47 -15 10 -10 -3 -9 18 19 -11 8 -3 3 22 -10 -25 -6 -43 7 14 11 -5 -3 ]
[8 -21 -13 -22 9 2 1 1 18 4 -10 -6 -21 0 12 -3 17 -27 -4 19 -24 15 -14 -10 -4 2 1 -20 -13 3 11 8 20 -7 18 13 -2 17 -5 18 -14 6 26 -1 -3 -11 -11 18 41 26 ]
[-11 22 -7 10 -3 2 -21 12 8 -1 17 -14 -12 -1 -2 33 14 26 -25 -3 30 -11 -7 -6 4 -13 0 22 -3 0 4 25 -5 -7 -1 11 -4 -14 -16 -5 4 -19 14 -16 -1 -11 2 -36 -18 -37 ]
[-22 21 2 6 -4 -14 -6 -7 5 12 -1 -5 12 4 -4 0 -25 11 -17 1 12 -10 -34 -2 -4 -3 6 -27 -8 13 -13 17 4 -22 15 -9 -11 -7 -7 6 3 7 7 8 -4 43 25 13 -9 14 ]
[10 13 3 -4 -7 -8 5 6 -31 17 -3 22 -16 2 17 -26 12 -2 6 11 -14 -13 27 12 -9 -4 -9 -3 2 2 11 9 0 -13 -16 5 -2 1 -23 1 2 -11 13 4 -19 -15 -2 18 8 7 ]
[23 16 -16 3 -6 3 12 -2 7 -10 -3 -6 40 8 -4 -14 -25 11 -20 9 0 -2 -12 16 -2 16 -31 18 -26 1 20 3 -6 14 -3 3 31 -6 6 -8 24 5 2 17 -5 -19 -9 14 15 27 ]
