m=75 t=100
[6 -2 9 -32 -19 -11 25 -22 6 9 12 -24 -6 22 -32 11 -11 -7 5 -23 -2 2 -39 -7 -9 -10 -4 34 -18 20 -23 -26 -38 39 -2 3 -2 -1 5 -4 -38 -4 -13 -33 -3 -3 11 13 -6 -15 14 -13 20 9 3 21 33 19 -23 34 -20 26 26 25 -16 -32 3 29 -10 35 -32 18 -24 -2 4 -30 -6 -30 28 -15 -11 8 -38 14 32 -1 22 37 -1 -24 -15 0 -7 16 24 -12 -9 36 -23 -6 ]
[33 -8 -3 3 23 -20 -28 4 -13 37 13 -2 26 -4 -2 28 22 41 14 22 -4 -18 -9 11 -15 -24 -5 -15 0 0 31 4 -23 28 -26 -8 -36 22 -13 26 30 -4 4 -26 7 5 9 28 -2 -15 -21 48 6 9 -16 -3 6 -11 -15 4 3 43 -12 -10 -12 -12 27 20 1 -15 31 16 7 -39 -20 44 -1 -7 8 6 7 -13 -4 22 26 -1 9 15 -11 18 -3 14 10 16 -26 11 -5 23 -25 2 ]
[9 5 30 -30 -51 -21 -3 -16 4 -62 9 -4 -1 -15 -9 -13 -33 4 11 21 3 2 -17 -38 5 -33 24 29 -13 26 17 -15 6 11 15 -10 11 23 -1 16 10 13 -24 15 -24 -16 -29 20 9 33 -40 -39 12 -3 -39 25 13 9 0 2 -23 -21 -5 -12 2 7 6 -21 13 -8 4 14 7 -13 -9 -28 -23 -11 14 -4 16 -13 -21 37 23 13 -20 6 -4 -33 -20 -5 41 -12 -17 1 12 13 5 9 ]
[-2 -1 18 -32 -43 -18 -23 0 -3 -5 13 17 -21 -12 -2 -30 -15 29 13 12 11 -39 2 12 -2 30 -26 13 18 -7 -4 14 10 -15 -5 9 -16 0 6 -8 15 9 19 -9 -20 14 -3 -15 -22 26 27 -12 -19 -27 12 -18 17 -12 -23 5 -1 12 3 3 23 -19 -20 -20 -2 -3 5 -27 33 1 33 -21 -9 32 3 14 18 30 -4 5 9 -18 -9 12 -13 22 8 3 -32 -13 -28 39 15 -26 -21 28 ]
[22 -54 10 8 -17 21 29 14 -11 0 -17 -37 51 -25 16 10 34 10 25 -7 20 -26 -3 24 7 -11 28 -1 27 -2 23 19 12 0 19 -8 18 -5 23 14 -13 -1 14 -36 13 24 -6 -11 2 -11 -6 -53 -8 1 -6 -9 5 16 13 -17 -25 10 -11 -20 1 -13 -8 8 -17 25 27 -16 4 7 -4 6 8 2 21 -9 6 0 -6 -1 -10 -27 7 1 -5 10 -30 -21 11 -30 -7 -19 -21 -20 11 1 ]
[-10 16 15 -12 -36 -1 -49 13 -19 -21 -4 2 1 -12 17 12 -12 18 -4 -29 27 17 1 -12 8 -7 -12 0 4 9 -37 27 -3 -38 20 29 -6 -17 2 -19 4 -16 11 -3 -21 -4 -52 -18 -7 -12 -12 18 56 -16 -2 4 27 15 -12 -22 -12 -2 -21 2 26 0 -38 6 -19 -41 -38 -2 23 -2 21 2 5 3 -54 -16 24 -28 19 -11 -11 -4 16 28 22 -18 2 -33 35 -42 -30 17 13 37 10 -12 ]
[-15 14 -39 -7 3 17 9 0 21 -39 8 -10 -27 -7 42 0 31 -20 21 -13 6 -13 17 -6 -9 -31 3 27 -3 12 16 -4 31 28 28 38 -8 -4 -21 -17 -7 -12 5 15 -9 -32 4 -10 13 22 -4 1 -17 17 -4 19 -11 2 2 -14 -9 -26 3 21 2 25 -3 22 -2 -41 -23 -12 9 -32 -5 20 18 -7 7 -24 14 30 -23 -11 11 -9 37 -13 -15 6 -12 1 19 55 7 14 -3 -22 7 2 ]
[29 6 12 25 -24 -19 4 22 17 -29 12 29 14 -27 -29 25 8 12 -10 -19 -31 -36 -1 -24 -37 -27 -5 -21 6 -12 -7 -12 17 30 45 1 0 -21 32 22 -17 24 5 -7 -4 0 0 10 6 13 11 3 0 -9 10 6 19 24 0 13 -30 13 -13 -6 -22 -44 -27 -21 16 1 -17 7 4 -9 34 5 2 -8 31 -8 -4 29 -11 1 -8 -42 -50 -13 5 25 18 -2 -16 -7 -33 9 -2 11 -4 -6 ]
[-31 -9 43 -13 24 -30 37 -20 10 18 -19 20 -6 -17 6 -19 -26 32 -14 -2 -1 -13 -12 2 -11 -10 -44 -8 -13 -30 8 -20 29 20 -18 25 -4 13 -19 24 -10 8 5 6 -7 36 -18 -35 6 22 22 -24 9 1 0 -24 -16 -10 -22 16 -24 -1 29 42 -28 7 -34 10 4 14 -8 -32 23 7 5 23 21 -6 17 -2 -10 -4 4 -16 16 20 0 0 -11 17 30 12 1 -15 12 -8 51 39 2 -17 ]
[18 -19 32 -34 -45 21 -19 -4 42 8 -41 -7 0 29 11 3 11 -48 12 18 28 22 31 37 1 3 31 10 -1 0 28 -2 -19 1 -6 -36 4 50 12 -6 5 16 -39 -13 -4 14 -11 36 -2 -8 -29 -19 12 -4 -10 13 -8 5 -1 1 32 -22 11 10 -30 -15 5 -17 9 -7 -5 15 -29 56 -7 42 5 20 24 -21 8 -1 25 14 -2 6 12 33 31 43 -32 4 29 1 -14 -8 10 1 -19 3 ]
[16 15 28 19 35 -15 -27 -40 25 -13 -49 -2 2 7 -34 -7 -8 7 -3 9 -42 36 11 -1 19 22 -11 -1 -21 -8 -4 1 -18 7 -9 1 -9 -16 4 -25 17 22 29 23 2 -6 -39 29 13 9 5 8 8 5 11 32 -7 4 -17 -16 2 1 0 -8 -16 0 19 13 43 -28 -20 -14 23 16 -12 32 43 -1 10 8 26 21 -22 55 -42 33 22 -4 20 -7 6 -18 51 10 31 -9 4 -22 -20 39 ]
[13 -6 -12 -8 -32 -3 11 -20 15 7 43 -46 -56 11 12 -4 -4 -32 -21 -4 -6 21 -6 -18 33 -2 -22 -28 -18 -5 -14 24 -12 23 -27 -14 49 0 -13 27 12 33 0 -22 -49 -10 36 -10 -13 -14 -11 -6 -22 30 2 15 7 -2 5 24 -15 9 -31 -6 6 6 -11 -33 -17 -51 21 -35 -58 -4 23 8 32 -28 6 11 -57 21 -3 -32 14 0 5 -13 29 -4 -19 -36 13 -14 6 25 16 -22 -12 7 ]
[5 -6 -2 8 11 30 -19 14 21 -41 22 -29 12 2 0 -4 0 -21 -2 12 26 -15 -4 -26 1 27 -8 50 10 1 3 -19 12 46 -21 3 12 -22 -36 -33 3 34 18 21 -19 25 32 15 -13 -9 -2 -23 -22 -5 -8 14 9 -33 -13 -20 -17 15 -18 -8 12 -34 2 -18 -20 -6 -4 -40 20 -16 -12 13 -30 -31 13 -14 -19 -38 22 -29 -35 -27 2 17 -5 21 -14 -14 6 42 5 -14 2 6 -4 -12 ]
[-2 14 33 -24 13 -33 -23 7 -21 -23 -2 -46 1 6 39 0 -20 -3 34 3 -6 -10 -15 -26 7 -10 -2 -11 -10 0 4 5 9 -8 -36 -19 15 -1 -34 41 37 -10 -27 -27 24 26 -27 21 -26 -3 -3 -30 9 -8 10 1 -42 39 -13 -6 11 22 -1 25 -14 -17 21 -19 37 -7 -9 -14 -20 42 -41 33 -1 -22 34 -15 -22 -9 -2 39 -10 13 -6 -41 -8 -15 20 -24 -8 1 7 24 18 20 30 -8 ]
[27 -16 29 -15 10 30 -14 -12 5 2 -31 16 -32 -7 0 32 -23 14 17 11 9 -7 -3 2 9 -13 19 9 4 -13 17 0 26 -8 11 18 10 12 13 14 -3 38 21 10 10 13 -2 25 -12 11 13 -19 -7 -1 -6 18 -22 10 7 -5 -35 -1 1 -26 4 11 6 8 -5 -18 0 -6 20 -10 -1 -18 20 -31 26 27 17 -16 -4 11 -24 -37 1 2 6 12 -17 1 -5 17 -8 -11 -6 23 6 44 ]
[9 5 -2 -2 21 -6 -23 9 0 17 -7 -17 -33 11 -18 24 -1 26 -8 21 2 15 -7 13 13 19 6 -13 28 3 2 -16 -32 -16 4 2 1 5 5 -20 4 3 17 2 -11 -12 -17 9 -6 31 -8 -17 30 8 15 -12 37 -12 0 -32 8 -24 5 5 26 46 -32 -6 -10 -21 1 10 5 -1 11 14 -22 -1 -30 42 7 25 40 24 -1 -15 20 32 -22 -14 29 10 38 -14 -23 3 15 37 -28 -30 ]
[-9 -1 -4 1 -29 17 40 21 -15 0 -27 -6 12 -8 -2 -20 -6 -34 8 -31 30 -12 22 25 -8 3 2 11 -4 -14 11 -5 -11 -2 -48 -2 6 24 -3 -22 -13 8 5 14 22 39 13 41 -28 -21 -22 -12 -25 -8 17 -26 -36 11 9 -5 -7 -7 -3 42 -25 28 -20 22 21 -13 59 10 16 -18 -25 13 5 5 34 28 -6 15 -11 -19 -1 -1 -10 -6 10 -28 12 -17 -16 -11 -14 2 -7 0 -10 -2 ]
[11 -19 29 18 -4 -14 -41 2 0 6 -10 -19 9 5 -7 15 -40 5 4 -22 8 -28 -1 -32 -52 0 -42 -11 36 -30 8 5 7 -3 -14 18 -16 -8 -22 27 2 -16 6 0 22 17 26 10 -12 5 -14 3 -14 -3 -12 0 -20 9 12 25 1 -16 -34 3 2 2 13 10 21 30 10 6 0 -18 12 -5 14 -11 -17 25 3 10 -18 -38 25 9 23 9 -15 -16 -1 -37 -9 18 -33 -35 13 19 14 -39 ]
[-31 -15 12 24 5 5 2 39 -52 19 -12 17 35 49 28 -5 -39 17 -5 17 10 -41 43 -1 -36 17 -16 -2 20 -16 -24 7 20 -34 8 9 10 -10 1 -24 -12 -27 23 59 -1 8 -43 27 18 11 26 2 11 28 -6 23 -9 4 34 -26 -9 -16 13 6 -17 9 16 -11 6 -7 18 -9 37 -1 5 3 19 -15 14 -10 8 26 -25 -46 14 -37 2 19 19 24 0 -12 -12 15 -11 -17 8 -25 -19 3 ]
[-3 -1 -11 -15 -7 -28 -51 23 -35 33 9 -17 2 9 39 -20 -1 2 32 48 -15 -5 2 -29 1 14 -11 13 -19 -19 19 -5 -19 -24 -1 -3 0 -33 -1 25 3 -13 -2 -24 -16 -16 19 -35 33 4 1 -7 -20 -4 -16 17 12 -15 26 22 -10 -15 -36 12 20 -31 -18 -13 6 2 -8 -13 -9 -7 -18 -26 24 -35 -33 4 31 -6 -12 -11 9 -12 -30 3 -2 19 12 5 30 -15 16 -9 20 1 21 16 ]
[20 7 4 17 32 20 -9 -10 -7 -26 13 -21 -28 -30 24 -6 22 46 -5 -7 -8 15 -41 3 16 6 29 11 -23 -4 8 -16 -8 13 13 14 16 -38 -7 7 14 14 25 -29 -3 18 11 6 -37 -23 5 18 1 -10 -25 14 40 2 4 -13 -25 0 -18 1 -10 20 12 4 21 -13 9 24 15 22 0 9 -2 13 -3 13 -2 -6 -1 -5 6 -19 2 -12 -5 -13 9 12 -16 14 12 15 -14 30 -27 -11 ]
[-5 -3 -4 13 -6 2 30 41 1 -12 55 27 22 7 -15 19 1 -29 -23 18 -44 -5 11 -10 11 -36 -9 33 -26 6 -4 3 15 -6 -17 -49 18 -1 20 -24 17 15 -14 9 -28 -22 -7 -2 -16 -1 -9 -8 -24 -5 -16 -1 19 15 -13 0 -18 -10 34 16 24 -2 -3 -18 25 -16 -15 -13 0 -16 22 -2 -12 20 -10 17 -9 19 3 24 6 -13 -3 5 -27 6 -4 -11 31 -7 44 -9 -28 -35 32 -30 ]
[-15 -3 -17 3 -11 -24 12 -17 -14 -13 -17 -22 -10 -7 -8 0 -3 1 -25 38 13 22 -37 27 -26 14 4 3 1 5 -7 11 -24 -36 -33 -9 12 -9 27 -6 19 15 -15 9 19 -3 18 -15 1 4 -22 -2 21 -2 22 -58 -50 14 -19 11 16 0 8 -9 12 -5 20 -7 16 15 1 -18 -13 0 39 -4 -23 -14 17 14 2 44 -17 65 11 10 3 -16 -6 -9 -8 10 -16 35 -40 -3 -7 15 3 -1 ]
[15 -3 1 37 14 16 -2 -3 -9 6 -14 -19 -11 17 32 -7 -18 44 -10 11 1 -30 -5 12 -9 -65 -1 1 6 -25 25 6 11 -5 -31 6 32 -15 0 -23 1 5 10 18 -14 9 3 13 -1 -14 -27 -9 -27 1 5 6 -28 2 0 -28 -19 14 2 20 0 6 11 -2 25 41 23 -34 25 7 -10 -19 -6 36 -38 1 -36 -22 8 14 -19 2 -2 -13 -20 24 21 -18 6 -37 3 11 33 8 5 28 ]
[13 2 20 51 1 -10 42 21 -7 -11 -9 2 -11 -19 17 -1 38 19 -39 20 6 -26 22 37 -11 -8 -26 -33 16 12 -11 18 15 -29 -5 -35 -21 15 10 -9 -17 -35 -8 -15 9 1 -21 -19 -15 -26 15 -6 6 11 1 -33 -12 20 1 -24 32 26 -16 -2 -5 -3 -9 0 3 -17 -4 21 9 28 21 -8 -33 -14 11 1 -39 -16 -65 -7 14 20 13 27 -27 19 11 5 -25 21 1 -10 36 -11 14 32 ]
[-4 -13 4 1 14 3 8 -13 -9 -18 37 -14 30 -30 -7 -14 42 3 -10 -16 21 -14 18 -15 -9 17 -4 34 -4 14 -5 -9 1 3 -4 8 -2 19 43 -26 -26 12 1 12 -8 -19 -24 -5 -27 -18 11 -40 -22 -15 -11 9 24 16 -33 -10 9 12 -1 -3 -12 -14 0 11 8 -17 -41 -19 -8 -12 -27 9 -34 23 18 -31 15 -5 24 8 -17 6 -10 41 -35 8 -25 8 39 -30 -15 -7 -22 -29 3 23 ]
[3 -16 -2 7 27 40 23 -8 -1 37 -3 2 3 5 -9 -29 20 17 33 -16 -8 6 25 -20 15 19 -21 -11 26 26 -4 4 43 14 22 11 23 -10 17 33 2 -50 4 -53 22 12 7 -8 20 -11 -14 12 16 -5 6 -33 -3 -20 13 14 28 -9 -22 -16 19 -49 -5 1 -6 15 13 28 4 0 -18 -37 -1 -14 25 -11 -10 22 0 -46 -37 0 11 -8 -43 -39 -29 19 -21 -7 -1 12 22 -6 -19 -8 ]
[-38 -34 17 0 12 -46 1 -5 -31 -34 -18 -13 36 -9 23 11 4 -24 34 -3 26 -26 3 35 -2 15 -3 4 -6 5 -5 5 3 -8 -1 -10 39 -2 -32 -10 -12 30 -14 9 -10 1 -11 -3 28 -6 7 6 -12 -24 -37 -48 15 16 21 3 -12 -31 10 -1 -11 -5 2 -12 14 -9 -23 12 31 36 -2 5 -1 -10 27 7 -14 9 16 10 24 15 -16 15 -27 -12 24 -1 4 14 24 4 -17 -24 7 20 ]
[3 15 -1 -1 -7 29 -1 20 -3 -13 8 12 3 0 -13 -11 37 27 6 43 25 28 39 -26 -38 42 -56 -10 -6 -26 -11 -8 22 -2 -8 2 2 -18 45 21 11 -37 -33 25 11 27 -43 5 18 43 -16 6 -50 -12 23 12 -11 13 14 1 -26 -13 -10 10 -27 -17 -11 21 25 -9 -5 -26 34 -9 47 14 13 -6 -20 5 21 -5 50 -2 -14 -2 -9 -14 16 -2 11 -12 -11 13 -2 35 -23 -38 18 25 ]
[35 22 5 46 26 13 3 -15 3 -38 12 -31 5 7 12 18 24 12 17 -8 -7 5 4 5 1 1 -7 2 14 -10 13 20 5 -7 -7 -8 7 -6 0 -20 25 2 -12 2 13 24 3 -22 0 -21 -13 2 47 0 14 20 -5 -41 -16 29 31 13 -6 11 13 27 -40 0 3 -27 1 -35 10 2 44 15 43 2 27 30 30 -4 0 26 7 10 -12 9 -21 -33 5 3 8 -12 -56 11 21 -11 11 -19 ]
[39 30 -27 -11 -11 -29 0 2 -21 3 8 19 -9 26 30 11 24 -6 -35 -4 10 3 -32 16 0 25 -19 27 -14 -24 -22 33 9 -2 18 23 20 -8 -31 -2 -5 -3 -22 -10 19 -14 -17 25 32 11 25 -20 -19 -59 4 16 30 9 1 27 14 -7 7 44 -16 16 -16 48 36 -22 -3 -18 -22 8 17 5 -12 3 10 -15 -6 -22 -25 -18 -2 33 2 26 4 -15 -8 9 -8 6 -8 -9 0 -1 -2 6 ]
[-9 -10 -13 1 18 9 13 -10 16 -22 9 23 1 -15 0 -2 -1 -25 -5 17 -6 4 -27 -5 -4 -4 -11 -17 -11 7 19 -5 14 27 -23 6 11 -31 -6 8 -24 16 9 5 -7 26 -29 -22 15 -6 -1 12 8 0 30 -19 3 2 -3 24 4 3 -4 25 26 6 3 4 22 -29 3 3 20 -29 11 -10 8 -30 41 -21 21 -11 12 -21 -30 -17 24 2 32 13 -10 17 35 -31 7 -5 -15 -20 -28 14 ]
[15 -17 -14 16 -39 18 -19 -21 36 -21 -7 -36 -9 -9 11 -6 10 -7 -5 5 -11 -17 45 18 -9 7 24 -24 4 -3 -8 -21 -1 14 -16 27 1 -6 -3 -11 -30 15 -1 17 13 2 5 4 31 28 22 23 -6 -39 1 -4 2 9 16 9 50 38 6 -11 -19 -29 -15 40 -24 11 12 -8 50 11 12 24 -23 -2 -23 27 18 -20 12 -2 -15 2 -1 -13 34 20 6 0 -10 49 -27 1 10 -21 17 9 ]
[21 15 -19 10 -4 -11 1 34 -3 25 -2 9 -34 -10 -34 4 -42 -47 -7 29 -11 3 16 27 19 12 -21 15 -8 7 8 11 10 9 -7 -23 -11 -14 -38 18 17 12 -21 -13 -36 14 -14 -23 20 -11 -18 1 -20 5 -31 15 23 11 21 -13 -21 11 1 28 0 10 -29 10 -8 -17 6 -42 -14 -9 5 7 -19 34 32 -32 32 1 14 31 -17 1 4 -12 10 10 18 6 2 11 -35 -5 -37 -17 41 0 ]
[-18 3 2 0 12 -13 39 -13 3 -27 -8 0 55 2 -21 8 -19 -24 -16 20 10 -1 -14 2 2 -44 -25 -18 -21 28 -31 25 -6 -22 -51 -18 -26 6 43 -8 -17 24 -7 -2 -24 -24 14 14 -17 -12 -20 22 26 -23 -11 15 8 -2 12 -6 -4 -11 7 -5 17 -38 -20 -6 -19 4 -14 13 -8 20 15 15 -8 -8 -23 -25 13 18 -5 3 11 31 27 -11 11 23 -22 -20 23 -14 -41 2 10 -8 6 12 ]
[-4 9 -20 24 19 -15 -7 32 -13 -10 14 9 12 16 15 25 -28 -11 24 7 -20 31 30 3 -2 -7 0 -6 -24 -29 -20 -15 -14 15 -21 16 -1 -26 21 15 -36 -10 -19 -8 -28 19 3 -40 52 10 -14 -9 -11 -21 -10 -47 17 -20 7 -15 -11 -1 1 2 18 -38 8 4 -19 -15 -19 22 -4 -6 -36 0 11 8 20 -9 15 5 -17 12 -10 -15 -1 26 -20 -14 -9 5 10 32 -1 30 20 -20 -25 16 ]
[0 3 8 43 17 -36 0 -19 -26 -20 0 -17 -21 6 29 2 2 20 -17 15 13 -24 -25 -20 28 35 15 18 11 1 -14 34 9 7 23 -20 19 -17 -1 18 19 0 -6 26 15 2 -35 4 -33 -11 14 11 6 -15 19 -2 -10 -21 31 -14 -14 -2 -6 0 -28 -4 -26 -1 4 -14 -12 24 4 8 30 -20 12 8 25 11 61 -11 -12 -4 -15 24 -5 0 -30 27 3 0 -2 -19 -9 -30 15 3 2 13 ]
[7 30 40 -9 -3 28 -20 7 17 -7 34 -5 7 -12 16 -32 5 21 -13 -29 -28 -47 -24 2 25 -5 6 -1 12 31 30 -5 -10 -1 9 26 1 36 35 -10 -30 7 23 -8 41 42 -8 -7 -14 -31 3 14 7 1 -18 12 2 17 24 6 2 4 -6 19 -8 -14 -32 -4 -26 9 18 -26 31 -8 -11 3 -13 -15 -10 15 19 25 15 -28 -19 2 0 -44 -20 22 2 53 -8 2 21 21 -1 16 12 -3 ]
[43 1 16 -11 0 10 -2 20 -1 7 18 -20 -18 -24 -15 -17 -27 13 5 -3 -8 15 9 11 3 -22 -51 -4 35 -23 10 0 -14 25 -21 14 -1 -7 14 29 -12 26 25 25 2 8 2 -10 -25 15 29 5 25 -21 17 -5 45 -41 -44 4 -7 -2 -11 8 33 5 -8 -3 16 1 -1 -15 3 -15 1 5 63 -12 7 -9 6 -7 -25 -20 -4 -9 -9 23 -10 31 12 3 -12 27 0 3 7 11 -16 -10 ]
[-16 5 -3 -30 -12 -9 -20 28 13 -17 -25 17 18 -11 -32 -9 -7 15 16 -1 -51 17 12 2 15 27 -10 27 29 17 6 -5 -10 -19 -5 30 11 26 -23 -9 -26 -8 -15 7 27 2 5 17 14 2 7 -4 26 23 29 -14 12 -5 25 -15 -26 9 -14 1 -18 7 26 -6 -8 4 4 16 24 0 14 52 20 -16 34 15 26 -3 -2 -15 30 -9 -5 2 12 -4 6 28 36 2 -13 18 -19 0 1 6 ]
[8 -1 24 2 23 -7 -18 4 -27 -19 -20 -30 -35 35 11 3 -17 -12 13 12 -17 54 42 1 -10 12 11 -8 16 0 8 -1 -7 -23 -51 -8 29 28 -25 8 -28 10 43 38 12 -8 10 5 -1 19 13 23 39 22 -12 30 11 6 24 -2 -5 -18 -30 8 33 -20 29 30 21 7 -1 -7 -36 -55 0 -12 7 1 20 27 10 -8 26 22 -34 15 -4 3 25 -48 12 -8 21 27 -14 -12 0 -10 -1 14 ]
[11 7 20 -9 -6 -9 6 27 -32 -22 -12 31 -30 -21 6 -13 -18 -32 -9 -6 -27 -19 6 -6 -13 14 4 17 10 20 -23 40 13 -13 -32 26 27 37 -8 2 20 17 5 -21 -21 -12 -22 -11 -32 -1 -6 -6 7 63 11 40 3 -1 21 13 104 11 3 17 -12 -8 -5 -13 -17 -18 -10 4 -20 2 -44 14 -40 -16 41 46 33 -5 24 -7 -22 7 14 28 36 -29 -23 1 -46 -10 -1 -32 12 6 -20 0 ]
[-36 6 34 -4 -14 24 17 11 9 -21 -11 11 9 -7 14 0 -30 17 42 -7 -11 -40 2 2 -2 -4 -16 1 5 -6 -18 36 23 -25 1 -5 -16 5 30 13 -15 -8 -14 -42 4 -12 -17 33 -11 1 23 0 15 20 6 34 1 -11 -1 43 42 -38 -1 0 13 0 -14 4 -14 1 8 -1 -7 -3 -7 -9 -7 20 -7 -11 18 26 -3 34 -14 9 23 34 -13 7 -19 -24 -26 -20 6 -2 31 -22 -18 -8 ]
[-48 4 46 26 -3 -11 -5 19 11 -1 -10 -9 4 13 5 6 -15 -19 -9 11 15 15 -25 9 -19 11 -13 -6 -30 -7 39 9 -43 4 -1 15 46 30 1 -10 -4 -38 23 -1 43 3 -6 -47 11 -1 10 35 -23 -25 42 -29 21 13 41 33 26 -33 16 23 2 5 19 -11 3 12 5 -20 -35 43 15 -7 36 17 -1 1 28 -30 -1 -11 -12 5 12 18 19 -9 41 12 -19 -2 -31 -17 4 15 3 1 ]
[-40 7 1 -18 12 -18 19 -8 8 7 36 -7 3 3 -16 -9 4 -3 -14 5 -20 -16 12 -6 -14 37 -13 16 1 -8 -2 -26 0 2 -41 21 18 1 -41 7 -9 -9 -13 -20 -46 15 12 10 32 11 33 26 -4 10 12 24 32 -9 33 -32 1 8 12 -45 6 -16 20 14 11 16 -3 16 -12 -2 0 27 -5 46 -19 31 -24 -17 21 -11 7 19 19 -31 -11 -11 19 25 10 -17 -9 -1 -34 -29 8 -7 ]
[8 -17 -17 12 -25 20 13 -7 9 8 18 7 -7 -1 54 24 15 31 -26 23 2 1 6 15 18 -24 9 -44 17 -4 28 23 8 67 -3 -8 17 -16 24 -13 -10 -19 5 -14 -6 -1 -26 27 27 12 -24 -2 -17 -34 -19 -29 -16 -8 15 -18 13 18 -51 -8 -8 12 19 3 -4 6 8 -14 6 -4 -1 38 27 -25 3 11 -12 0 -11 -25 4 4 0 21 32 -31 -23 -19 -1 7 -40 -1 15 0 -1 -17 ]
[-7 -9 9 28 -4 0 32 -6 4 1 -12 8 18 -13 11 -10 -60 30 46 9 15 10 26 3 -11 -8 7 -6 22 16 -21 57 13 24 54 -3 10 14 14 -6 -7 3 22 -6 -7 39 -14 23 -25 -34 -9 9 37 5 -22 38 -24 -17 26 0 12 -28 13 -18 5 -5 -23 4 3 -8 -11 13 -12 -33 -14 22 -32 5 -7 11 8 9 7 -7 2 -55 -17 2 26 -6 36 53 19 9 -20 5 3 7 -51 13 ]
[-22 -36 -8 1 -18 -31 -18 -33 -16 -6 22 -12 6 -21 16 9 -1 -2 5 -5 0 -22 1 -18 27 46 -14 11 4 23 -1 -22 8 -22 4 14 29 16 41 -3 -15 0 25 -3 -13 -6 -22 1 0 14 19 23 8 -7 31 0 38 33 -3 -2 10 11 -6 6 -16 -13 -21 -4 1 44 -5 12 23 1 -16 51 18 17 -22 -25 -22 -44 -29 -3 -24 23 32 -12 -31 6 -11 8 13 0 36 18 17 41 -5 22 ]
[-31 29 -4 4 -31 15 -9 -15 -8 -35 13 -38 -32 -7 27 31 -16 1 1 -3 21 -28 -12 -46 13 25 -27 -28 21 28 12 3 -21 -18 25 -9 -3 -19 29 42 -13 -7 -9 -5 18 14 0 11 2 27 -20 11 -2 1 -6 40 -27 -5 -17 -20 2 -8 -36 -10 -8 -23 -8 24 30 -40 23 5 18 21 -6 -6 -2 -8 -24 10 11 3 -13 -4 -8 -19 -27 11 -20 36 27 2 -40 -3 7 -12 -9 23 26 -32 ]
[-13 -12 4 6 44 15 -27 -37 -16 -4 -3 -25 4 -21 6 8 22 -38 -13 0 -31 -1 8 -3 -21 0 14 5 10 -30 -5 10 21 26 -1 -9 -15 17 -2 -10 2 1 -1 10 -14 -14 1 22 2 -10 18 3 17 0 -3 -3 22 7 37 10 -10 6 -21 -2 -34 -8 16 43 11 17 -9 -14 -17 -10 5 42 1 -14 0 17 -1 38 23 -22 -3 38 1 15 38 -27 -21 26 5 8 -45 -4 14 -17 10 31 ]
[-13 39 -32 -9 -14 13 -14 44 26 -8 -24 -6 -22 -14 5 33 4 22 -9 -8 -26 -12 -12 -6 -39 13 25 15 -7 6 21 -9 4 9 11 11 14 -32 12 -12 -3 9 -3 11 -54 -5 7 -27 7 18 20 11 9 -32 -9 12 32 -16 -18 15 31 -8 9 4 -37 38 58 12 2 7 -2 -11 3 -4 24 -23 21 -18 -4 17 -1 -22 -27 15 34 21 23 2 -2 -15 -28 41 -2 11 -18 -14 -20 -20 10 18 ]
[53 -20 5 -1 11 9 -32 -10 2 19 18 1 -32 -24 23 13 8 -9 -17 -14 12 -28 1 3 6 -17 6 -2 -6 22 3 21 29 -18 -6 -56 6 -6 29 15 -43 2 -2 -5 14 -2 8 22 -36 3 2 -24 0 -10 -6 -18 -11 32 -16 1 -25 -7 32 -47 -6 27 33 13 -8 13 34 1 2 14 -17 3 8 29 21 13 33 -20 -24 21 -16 -50 -8 -29 13 12 16 15 4 -14 5 21 -1 32 47 27 ]
[11 -25 -19 -10 10 -4 -37 -13 -1 9 -28 32 -16 -9 -5 -24 35 9 -3 12 18 -6 -27 3 8 5 -16 -6 -12 23 -3 9 -19 14 -4 25 -24 -18 30 14 0 -32 24 46 -12 -16 -20 -3 11 35 48 -9 -23 -23 -10 15 -11 14 31 16 23 21 -3 21 -21 -2 -5 18 7 22 -6 2 -18 42 22 1 7 3 19 2 -37 8 -8 6 2 -14 38 -18 -2 31 14 28 -39 -13 -44 -13 -13 26 -18 -5 ]
[9 -2 -9 31 -20 26 -12 -42 -9 -49 15 19 -58 20 13 -4 28 -18 8 25 -11 27 -30 -5 5 -20 18 27 -15 43 -6 -4 21 -34 -12 -6 22 -5 -20 -20 -23 -5 2 2 -14 21 -1 21 20 11 -5 16 3 -1 -6 -7 11 -12 34 -12 11 -12 0 -4 16 -5 -10 -10 1 -37 28 8 -2 4 24 -27 9 -34 6 -53 -13 -17 12 -21 7 -5 -7 -17 1 -23 2 -21 -5 -3 -20 -13 5 -4 -20 1 ]
[20 -2 -50 16 -34 46 -4 3 19 30 -7 3 -36 3 27 14 39 -4 36 -8 -12 -25 36 1 16 -18 17 7 -31 -45 10 -19 -11 6 19 15 -34 33 15 -8 0 -14 -17 0 -19 26 25 19 7 9 9 -15 9 -17 -1 30 -16 -24 -13 -6 -78 -52 29 21 -2 -9 -20 42 -18 4 0 3 -6 11 11 27 -19 12 5 -10 15 44 -3 -9 7 32 -11 -56 10 1 8 -43 -5 -6 13 -4 -22 -12 -38 -18 ]
[-5 -17 29 47 17 22 -10 -22 -1 40 -30 -1 11 34 -39 10 -8 -1 -47 36 -3 19 -15 14 -16 -7 -17 -18 5 4 -22 -33 9 -2 2 -43 -17 -8 4 12 -3 24 24 -20 25 -9 -34 25 -7 -22 -13 5 -16 -11 0 -47 31 -15 -30 -8 -16 -37 1 3 -30 12 13 0 17 -4 -18 -13 -4 -40 -12 42 -13 8 -18 -1 19 -16 -25 -8 2 24 9 -9 6 12 2 -10 41 6 7 0 12 9 -6 -30 ]
[21 18 -21 8 -3 -28 -45 4 40 2 -20 0 -14 -19 7 29 18 19 -4 -2 -48 13 -12 14 33 -40 44 -34 3 12 5 22 -18 -35 18 -5 -11 -18 15 -56 13 -15 -27 24 -37 -7 -16 -5 -10 6 -46 -2 13 15 28 21 0 -18 13 -7 -23 21 19 -1 15 7 4 -4 -4 -15 2 -23 54 6 8 15 -10 1 -19 -8 -19 12 16 26 15 14 -24 -31 -14 -10 -9 17 6 -7 29 -1 -50 -16 -3 7 ]
[11 -2 27 -4 10 -11 10 -16 10 -10 -7 13 -29 10 -31 -26 17 -15 -1 -17 -36 14 -1 -5 25 -3 -13 4 -11 -34 19 7 -2 5 -33 21 -7 21 22 46 -5 8 -14 -1 6 -18 -11 -2 -11 8 11 30 -8 26 13 -8 -6 -22 18 26 3 -15 5 4 -30 -20 1 23 -7 -3 23 -21 12 -5 29 1 -5 4 17 -2 -12 24 -4 31 -4 -9 44 -43 0 -2 7 -41 31 -15 27 -26 -7 -40 -9 -41 ]
[-22 9 11 1 9 8 18 -8 -18 -17 -12 10 20 -5 6 25 -17 17 6 -6 -9 32 6 -4 0 32 -3 8 6 -3 28 -36 1 2 -25 -13 -3 -4 1 0 12 18 4 -30 23 -5 -3 -12 -19 -5 44 -29 -13 -21 15 11 -3 17 4 1 10 0 27 -2 0 -12 34 4 -1 20 -15 3 -8 -48 2 -4 -5 -7 -34 -1 3 10 -14 28 7 19 -14 3 -14 -31 21 -24 -21 -14 10 11 -4 47 22 10 ]
[14 -16 21 17 33 19 29 -5 -28 31 32 -21 -7 -27 -9 32 -5 4 21 -32 -19 22 -4 12 21 24 1 -28 1 27 18 -16 46 -11 -1 -21 3 -35 9 29 -3 -2 10 -3 -8 -4 -22 -15 8 23 -30 -42 -22 -2 -15 27 -8 7 16 -8 -14 -1 2 22 -43 15 -38 -3 10 -34 -25 -16 38 43 -9 -4 -27 4 18 6 -17 -3 1 -8 -15 -12 9 -18 3 16 8 7 1 43 7 -11 -3 -26 30 -29 ]
[-11 -18 31 -9 -28 -42 12 -1 -23 9 12 -10 1 19 12 31 -7 -9 -6 0 -10 -22 30 18 -10 -20 27 26 -13 31 20 -3 10 -2 26 13 -7 19 12 10 -16 -4 -26 -5 9 -31 -6 10 -20 1 -12 -15 -3 3 4 -1 20 51 -27 -9 11 3 20 11 6 14 3 -19 7 -31 0 50 -26 23 8 21 -17 51 5 10 -1 23 1 29 -9 -3 11 13 0 2 -3 12 -33 13 25 -25 -7 9 -5 3 ]
[3 8 -7 27 -13 -56 1 11 -17 -4 10 -19 9 -2 41 31 -24 33 -11 11 20 3 33 19 13 -2 17 -12 44 19 -15 10 0 -13 1 -10 -7 12 -26 -23 5 -15 -32 22 -35 17 27 -14 4 14 4 20 34 26 -9 -23 17 17 8 0 -9 -19 -14 24 -11 32 -39 -6 18 -2 21 -6 17 15 4 -13 21 5 13 -16 33 -35 8 8 -47 -18 3 39 1 33 43 2 -9 30 -6 -2 1 36 -1 42 ]
[28 35 12 -82 -6 8 -12 1 11 -13 39 13 -1 -5 -8 -22 14 9 13 -24 0 22 32 5 5 -27 44 0 28 -18 -31 45 20 -28 -4 -55 -26 -46 -23 -14 -16 -8 -21 -34 -14 -6 10 -9 14 3 -24 3 -23 10 28 35 -1 22 -19 -13 12 4 26 30 -2 -2 3 -24 22 -5 -7 -1 16 -2 1 30 11 14 -7 -37 12 -27 26 17 15 -23 20 -39 -22 -3 -16 -28 44 -25 8 1 5 15 5 -10 ]
[1 33 9 2 -34 25 14 -15 -21 10 -14 11 -4 22 -29 -15 -22 5 -8 12 -30 -4 6 -9 3 6 -18 -2 9 -5 -29 22 -37 -23 4 6 0 -3 -47 -11 29 -10 -35 -9 -21 -4 27 3 19 4 12 45 35 -2 -32 -11 1 -10 2 -2 8 -17 1 -32 -19 -48 -34 -21 28 -17 -13 -32 13 12 21 -5 9 8 -6 0 -29 -10 15 5 20 15 -9 14 11 12 -11 -15 -8 25 -38 5 12 0 -36 -6 ]
[-3 -20 -23 22 -11 -20 19 -32 21 -4 -1 17 21 15 -19 -27 -3 -9 16 -30 36 -2 16 -7 -19 4 -19 19 12 -13 8 13 10 10 8 26 -13 -14 15 -12 44 -20 -37 11 -3 -3 -25 -1 -26 -18 1 -4 4 8 -12 -20 -50 -24 -6 20 6 16 -15 34 -27 -22 8 4 12 21 3 -10 -3 29 6 9 -23 -26 -12 32 19 -29 5 19 6 -21 -28 -6 -2 -2 21 38 -19 -36 31 24 -11 -26 6 6 ]
[3 3 6 10 1 23 10 2 -13 19 9 -34 11 -25 0 -24 -43 10 -2 12 19 -20 -14 -39 30 -12 -1 -4 -7 -42 -29 9 9 14 -16 -11 9 0 -41 -25 -44 -28 -6 -1 15 -44 -32 -1 17 19 0 0 2 17 10 9 28 5 -36 -39 19 -7 -3 30 -4 14 34 -37 -7 11 10 5 19 -21 -39 -16 20 -33 -18 35 -6 -18 3 -29 12 -12 29 21 -7 26 12 -17 18 12 -18 -19 16 36 -10 7 ]
[20 15 20 23 7 4 34 3 -1 59 -7 1 4 3 15 -5 -13 -61 2 -4 -3 3 -4 -30 -10 -15 3 20 -11 -7 0 7 -15 -6 -13 22 13 -19 -2 28 25 17 -5 -16 -14 -4 6 -19 6 68 17 6 -8 15 24 -12 4 37 -16 -24 -18 -43 9 5 -35 -6 -4 2 -24 26 5 11 -2 -5 22 4 -19 31 3 -1 18 -14 6 -27 -3 47 -17 -21 5 5 -24 11 8 9 -9 17 2 36 -29 -38 ]
[2 -26 -1 -9 11 25 -34 -27 24 0 14 -22 -17 -6 -11 13 20 5 -19 22 -14 -14 -29 -6 11 -19 12 -12 -9 -2 -36 12 12 4 -31 -9 -23 -13 -16 14 8 13 13 6 -11 15 -10 -51 18 -17 2 -25 -19 -11 16 6 -12 -26 8 -22 -13 1 -45 0 -14 2 29 23 17 -18 3 -15 5 17 3 2 -7 11 -31 22 -13 13 18 -7 -26 -18 16 17 9 39 25 -18 -2 -13 22 -34 10 -3 9 26 ]
[-6 -35 -10 11 21 35 13 52 19 -6 -14 -5 -6 -12 30 -9 27 12 -20 -19 -6 7 -28 18 -1 -22 3 20 18 19 -16 1 2 -3 -10 -16 0 -10 16 -43 -25 37 -2 19 8 -6 -30 -28 32 9 6 -14 -16 -10 16 16 12 17 1 15 -3 14 -46 -28 -34 13 25 -18 -17 22 -9 10 35 25 -9 7 1 -22 -6 26 -35 -15 -10 -33 -6 22 13 -19 29 -1 6 -48 -8 -24 8 23 5 41 27 -37 ]
[10 8 17 2 -28 -5 2 -10 27 -2 -8 -7 -1 11 -29 15 27 -41 12 25 7 13 -17 -9 -34 10 25 -9 0 -10 1 -5 -6 1 23 -26 -34 32 -16 -16 -6 16 -9 -37 32 -4 0 22 -26 17 5 -2 2 5 0 -4 -9 -34 4 32 -35 16 -11 -44 4 25 -5 23 -52 -10 9 -39 11 -48 -8 21 -33 49 17 17 -22 -7 -46 -8 -16 -3 25 -17 0 19 11 -5 -22 -24 -2 -45 -12 -16 28 8 ]
[-14 -14 43 -5 -8 -19 25 38 -25 6 13 15 -52 -1 -12 2 -35 29 -37 -17 46 -20 38 28 -29 25 -40 10 4 -16 -34 13 -1 10 9 16 -37 2 0 -59 12 19 19 26 40 18 -18 -30 24 -33 5 2 46 24 45 20 53 -24 1 13 -12 3 12 26 -15 -7 -7 39 -19 33 -35 -5 2 43 -21 -28 -11 6 -3 16 32 -13 -21 -29 -14 -16 -21 36 28 5 0 -12 -8 1 21 16 10 -3 0 0 ]
[-19 -7 -4 8 7 12 20 -2 -35 -11 -10 13 12 -13 -8 9 -15 -14 -14 13 10 23 -2 5 21 23 16 28 4 5 4 10 18 5 6 -1 -27 10 -2 7 -11 21 -3 38 -21 -19 28 13 -9 -21 5 9 43 -7 -24 3 -39 28 -13 -11 26 34 3 24 18 16 -25 25 -12 23 -2 -3 -14 -21 7 21 1 4 -26 -13 22 48 4 21 -4 13 -10 -1 -9 14 10 -19 9 -7 27 -13 7 0 -15 -24 ]
[-21 43 -16 0 40 17 -15 28 -67 9 37 2 17 23 -16 -23 1 5 -16 -5 -11 3 -10 4 -34 -13 -14 -7 9 12 2 -18 -7 -2 24 24 17 -9 1 36 9 -5 -3 -15 -30 -9 -5 -2 -9 8 -21 31 10 3 -20 15 20 6 2 -13 -13 -9 12 22 -1 -3 -2 2 1 5 -36 -14 -7 1 8 -1 -3 -7 -2 14 27 -17 8 -10 -29 3 14 15 16 5 -3 9 23 34 34 -29 4 0 -45 19 ]
[-2 -6 -21 9 24 5 27 5 -12 1 11 -20 -32 -1 26 14 24 14 27 -16 14 -22 -27 -32 2 42 -2 -12 37 10 -16 7 -11 34 27 47 -6 6 40 -13 5 -1 -50 13 1 -24 33 6 -11 3 26 13 13 21 -14 -21 -29 -49 7 -14 24 10 34 13 12 -9 15 -7 26 15 7 -6 33 -24 36 3 -12 -10 -21 27 13 -7 22 22 -16 16 -18 -43 -3 -8 26 23 -53 21 -33 0 -20 -2 3 -17 ]
[20 -11 25 1 1 11 -54 -5 16 7 -9 -4 35 -11 5 -4 -50 15 13 -25 -17 19 16 -20 -18 20 51 -13 -4 18 28 -40 23 22 6 13 -7 18 8 32 32 -28 14 20 -14 26 10 -17 -18 -6 28 1 -10 -21 0 -15 -36 30 -9 -35 -27 16 17 46 21 15 -3 22 20 -1 -18 -32 -51 -5 -17 5 -15 -2 26 2 16 9 -9 -23 -1 30 -34 9 -15 10 -26 -10 3 15 2 -18 7 -11 11 0 ]
